1697226389207454031 
7534237642983380827 
7799430022782297001 
11413931016236210545 
6853553219038615825 
13369116575677447331 
9281260373854680874 
2899739634583745867 
10333157412080026969 
14515789183059219676 
5506658614207632286 
6703688535861888468 
7042659001356562879 
12243915844508402665 
7509178137012672190 
10777684445937409547 
12238318152865672393 
13010083154236878280 
656305025113075256 
9128375605217037204 
217249132254805552 
7239915430050146522 
6435355828419671003 
11825059406367343814 
6283410000601830052 
3718059861707636499 
8590386240062274901 
3132524710171307172 
2770884748959666358 
13938361445283045957 
4187786500473536262 
376006213911425869 
9925652634601149228 
2038246655160733008 
6363763203764333758 
3366125596618210102 
14420465160260731196 
5105478149824805940 
5775043811761640922 
10321645394556521953 
14642498287956038539 
6908673296772583654 
6788672593715019048 
12489856118001528116 
1075692784024000836 
